a: 0.011904761904761904
al: 0.005952380952380952
arrocera: 0.005952380952380952
arroz: 0.011904761904761904
arrroz: 0.005952380952380952
como: 0.005952380952380952
con: 0.23214285714285715
de: 0.19047619047619047
documento: 0.011904761904761904
el: 0.1130952380952381
es: 0.005952380952380952
este: 0.005952380952380952
frijol: 0.005952380952380952
frijoles: 0.005952380952380952
galletas: 0.005952380952380952
general: 0.011904761904761904
generales: 0.005952380952380952
harina: 0.005952380952380952
huevo: 0.005952380952380952
huevos: 0.005952380952380952
l: 0.011904761904761904
la: 0.16071428571428573
maza: 0.005952380952380952
palabras: 0.005952380952380952
pan: 0.005952380952380952
para: 0.023809523809523808
por: 0.03571428571428571
un: 0.08928571428571429
