a: 0.014698533086397977
abajo: 5.879413234559191e-05
abandonaran: 2.9397066172795955e-05
abandonaron: 2.9397066172795955e-05
abandono: 5.879413234559191e-05
abangares: 5.879413234559191e-05
abanico: 2.9397066172795955e-05